,City,Lat,Lng,Max Temp,Humidity,Cloudiness,Wind Speed,Country
0,Saldanha,-33.01,17.94,51.8,71,89,5.82,ZA
1,Hobart,-42.88,147.33,53.6,54,90,9.17,AU
2,Isangel,-19.55,169.27,69.8,88,40,4.7,VU
3,Sibolga,1.74,98.78,76.82,74,57,3.29,ID
4,Busselton,-33.65,115.33,55.0,59,0,8.01,AU
5,Rikitea,-23.12,-134.97,73.58,80,0,12.41,PF
6,Nauta,-4.51,-73.58,92.19,50,66,3.2,PE
7,Viedma,-40.81,-63.0,69.26,22,0,20.89,AR
8,Atasū,48.68,71.64,65.3,31,72,7.25,KZ
9,Thompson,55.74,-97.86,44.6,87,90,4.7,CA
10,Mataura,-46.19,168.86,42.01,89,24,11.99,NZ
11,Ushuaia,-54.8,-68.3,42.8,61,20,4.7,AR
12,Lagoa,39.05,-27.98,66.36,65,52,21.36,PT
13,Saint Paul Harbor,57.79,-152.41,51.8,76,1,0.83,US
14,Puerto Ayora,-0.74,-90.35,77.0,65,20,18.34,EC
15,Usinsk,65.99,57.53,47.1,94,100,11.1,RU
16,Kaitangata,-46.28,169.85,46.0,61,5,15.01,NZ
17,Kapaa,22.08,-159.32,79.0,88,75,5.82,US
18,Port Elizabeth,-33.92,25.57,57.2,67,0,27.51,ZA
19,Butaritari,3.07,172.79,83.35,71,100,19.46,KI
20,Bluff,-46.6,168.33,42.01,89,70,11.99,NZ
21,Hilo,19.73,-155.09,78.8,69,1,3.36,US
22,Nishihara,26.18,127.76,80.6,78,75,4.7,JP
23,Pangai,-19.8,-174.35,71.6,83,20,9.17,TO
24,Katsuura,35.13,140.3,73.0,85,34,1.99,JP
25,Arraial do Cabo,-22.97,-42.03,84.2,65,0,16.11,BR
26,Belmonte,-15.86,-38.88,77.0,65,75,10.29,BR
27,Souillac,-20.52,57.52,68.0,52,40,16.11,MU
28,Hong Kong,22.29,114.16,84.2,79,40,12.75,HK
29,Bathsheba,13.22,-59.52,89.6,66,40,16.11,BB
30,Fort-Shevchenko,44.51,50.26,69.62,61,79,12.62,KZ
31,Hamilton,39.18,-84.53,79.0,53,20,10.29,US
32,Saskylakh,71.92,114.08,42.82,81,100,1.5,RU
33,Pochutla,15.74,-96.47,87.01,72,74,4.0,MX
34,Bemidji,47.47,-94.88,62.01,59,1,11.41,US
35,Westport,41.14,-73.36,75.99,47,40,11.41,US
36,Port Alfred,-33.59,26.89,58.42,67,0,19.64,ZA
37,Marsh Harbour,26.54,-77.06,84.2,67,30,6.33,BS
38,Henties Bay,-22.12,14.28,55.99,79,0,5.01,NA
39,Kwang Binh,17.48,106.6,79.7,81,36,3.83,VN
40,Krivodanovka,55.09,82.66,42.8,100,62,2.24,RU
41,Yellowknife,62.46,-114.35,45.0,52,40,14.99,CA
42,Bellūru,12.99,76.74,68.02,88,100,10.27,IN
43,Tuktoyaktuk,69.45,-133.04,33.8,93,90,10.29,CA
44,Bredasdorp,-34.53,20.04,48.2,76,3,5.82,ZA
45,Ribeira Grande,38.52,-28.7,69.8,49,20,14.99,PT
46,Severo-Yeniseyskiy,60.37,93.04,43.23,93,84,2.08,RU
47,Al Bardīyah,31.76,25.09,76.96,77,0,8.68,LY
48,Pisco,-13.7,-76.22,68.0,72,98,9.17,PE
49,Saint-Augustin,51.23,-58.65,65.07,54,21,23.85,CA
50,Basco,20.45,121.97,84.76,79,100,16.24,PH
51,Chokurdakh,70.63,147.92,38.57,96,12,8.57,RU
52,Vestmannaeyjar,63.44,-20.27,48.2,87,22,12.75,IS
53,Coruripe,-10.13,-36.18,77.61,74,95,10.87,BR
54,Hailar,49.2,119.7,45.46,66,57,3.85,CN
55,Iqaluit,63.75,-68.51,39.2,69,90,12.75,CA
56,Vila Franca do Campo,37.72,-25.43,69.8,60,20,16.11,PT
57,Pangnirtung,66.15,-65.71,42.8,70,90,11.41,CA
58,Kontagora,10.4,5.47,74.61,90,87,3.4,NG
59,Dikson,73.51,80.55,42.84,87,100,12.08,RU
60,Mahébourg,-20.41,57.7,68.0,52,40,16.11,MU
61,Cape Town,-33.93,18.42,55.0,81,40,5.82,ZA
62,Mossamedes,-15.2,12.15,65.46,84,100,6.87,AO
63,Nanortalik,60.14,-45.24,42.35,83,100,25.12,GL
64,Okhotsk,59.38,143.3,51.42,79,60,3.24,RU
65,Atuona,-9.8,-139.03,77.88,76,1,17.11,PF
66,Eureka,40.8,-124.16,62.01,93,90,3.36,US
67,Alexandria,31.22,29.96,80.6,61,20,11.41,EG
68,Mugur-Aksy,50.35,90.5,36.59,74,58,0.83,RU
69,Saint George,37.1,-113.58,89.01,14,1,4.7,US
70,Raudeberg,61.99,5.14,51.01,95,100,4.5,NO
71,Gamba,-2.65,10.0,74.97,83,100,7.16,GA
72,Mar del Plata,-38.0,-57.56,60.8,25,0,8.05,AR
73,Grand Gaube,-20.01,57.66,68.0,53,3,10.0,MU
74,New Norfolk,-42.78,147.06,53.01,63,21,5.01,AU
75,Porto-Novo,6.5,2.6,78.8,88,40,13.87,BJ
76,Kavieng,-2.57,150.8,82.6,78,97,14.47,PG
77,Conde,-7.26,-34.91,82.4,65,75,14.99,BR
78,Cidreira,-30.18,-50.21,59.32,56,100,17.22,BR
79,Vaini,-21.2,-175.2,69.8,83,75,5.82,TO
80,Saint-Philippe,-21.36,55.77,66.2,55,75,26.4,RE
81,Morant Bay,17.88,-76.41,89.6,70,20,17.22,JM
82,Cayenne,4.93,-52.33,91.4,52,17,4.7,GF
83,Port Blair,11.67,92.75,82.51,76,100,8.79,IN
84,Zyryanka,65.75,150.85,39.94,73,100,2.86,RU
85,Harper,4.38,-7.72,76.39,86,45,10.83,LR
86,Khatanga,71.97,102.5,45.61,83,70,3.24,RU
87,George Town,5.41,100.34,80.6,83,20,2.19,MY
88,Naifaru,5.44,73.37,82.08,77,87,9.33,MV
89,Punta Arenas,-53.15,-70.92,44.6,65,40,32.21,CL
90,Hithadhoo,-0.6,73.08,81.77,67,65,4.99,MV
91,Jamestown,42.1,-79.24,62.01,59,20,11.41,US
92,Robertsport,6.75,-11.37,77.88,88,100,11.56,LR
93,Bengkulu,-3.8,102.27,75.76,91,83,3.89,ID
94,Tegul'det,57.31,88.17,46.92,86,95,3.71,RU
95,Nemenčinė,54.85,25.48,60.8,87,90,6.93,LT
96,Qaanaaq,77.48,-69.36,30.33,94,90,8.95,GL
97,Vila Velha,-20.33,-40.29,80.01,57,0,17.22,BR
98,Salalah,17.02,54.09,80.6,88,75,5.82,OM
99,Ostrov,57.34,28.35,57.2,76,24,6.71,RU
100,Poso,-1.4,120.75,76.62,74,82,6.82,ID
101,Santa Maria da Vitória,-13.39,-44.19,91.04,24,5,4.99,BR
102,Suoyarvi,62.08,32.35,46.17,80,0,7.54,RU
103,Asău,46.43,26.4,63.0,81,0,3.8,RO
104,Kampong Cham,11.99,105.46,76.84,92,100,2.3,KH
105,Paso de los Toros,-32.82,-56.52,57.67,53,0,9.17,UY
106,Hervey Bay,-25.3,152.85,60.01,91,1,3.0,AU
107,Barrow,71.29,-156.79,37.4,93,90,8.05,US
108,Dingle,11.0,122.67,75.15,92,100,1.9,PH
109,Dejen,10.17,38.13,54.5,92,67,0.89,ET
110,San Patricio,19.22,-104.7,91.4,63,75,12.75,MX
111,Pacific Grove,36.62,-121.92,61.0,87,90,6.62,US
112,Rosita,13.93,-84.4,90.36,54,97,3.2,NI
113,Ambilobe,-13.2,49.05,71.24,64,9,5.82,MG
114,Beringovskiy,63.05,179.32,45.43,91,100,9.78,RU
115,Cherskiy,68.75,161.3,41.81,79,86,5.91,RU
116,Port Hedland,-20.32,118.57,69.8,43,0,6.93,AU
117,Aransas Pass,27.91,-97.15,89.01,74,40,10.29,US
118,Carnarvon,-24.87,113.63,69.8,100,46,12.75,AU
119,Caranavi,-15.82,-67.55,81.75,43,67,1.16,BO
120,Upernavik,72.79,-56.15,30.09,83,0,5.79,GL
121,San Cristobal,7.77,-72.22,95.0,44,40,11.41,VE
122,Fallon,39.47,-118.78,80.6,9,75,6.4,US
123,Tiksi,71.69,128.87,39.85,88,5,8.72,RU
124,Bad Fallingbostel,52.87,9.7,70.0,72,40,3.36,DE
125,East London,-33.02,27.91,57.2,67,0,11.41,ZA
126,Banda Aceh,5.56,95.32,79.79,77,28,10.51,ID
127,Van Wert,40.87,-84.58,73.99,60,40,6.93,US
128,Geraldton,-28.77,114.6,51.8,93,0,6.93,AU
129,Sambava,-14.27,50.17,70.99,80,9,14.88,MG
130,Albany,42.6,-73.97,73.0,38,0,1.99,US
131,Pevek,69.7,170.31,39.45,86,100,7.11,RU
132,Aklavik,68.22,-135.01,41.0,80,75,10.29,CA
133,Yarmouth,41.71,-70.23,73.4,49,1,17.22,US
134,Norman Wells,65.28,-126.83,41.0,80,75,6.53,CA
135,Yar-Sale,66.83,70.83,49.73,85,100,20.33,RU
136,Prince Rupert,54.32,-130.32,53.6,100,90,3.36,CA
137,Hermanus,-34.42,19.23,48.0,89,51,5.19,ZA
138,Avarua,-21.21,-159.78,69.8,77,86,10.29,CK
139,Kahului,20.89,-156.47,80.6,57,40,6.93,US
140,Killybegs,54.63,-8.45,64.4,77,100,13.87,IE
141,Ponta do Sol,32.67,-17.1,77.0,69,20,5.82,PT
142,Nicoya,10.15,-85.45,80.6,83,75,8.05,CR
143,Mlonggo,-6.53,110.7,77.45,70,0,6.06,ID
144,Morwell,-38.23,146.4,44.01,88,24,2.39,AU
145,Gbadolite,4.28,21.02,72.03,96,1,2.04,CD
146,Castro,-24.79,-50.01,83.98,39,99,4.52,BR
147,Koumac,-20.57,164.28,68.16,85,0,6.49,NC
148,Severo-Kuril'sk,50.68,156.12,49.93,84,16,13.35,RU
149,Roald,62.58,6.13,50.0,93,75,6.93,NO
150,Smithers,54.78,-127.17,51.8,76,90,2.24,CA
151,Da Lat,11.95,108.44,59.58,100,84,1.3,VN
152,Lüderitz,-26.65,15.16,57.69,61,0,23.76,NA
153,Saint-Louis,16.33,-15.0,93.2,59,92,2.24,SN
154,Egvekinot,66.32,-179.17,40.1,93,100,9.71,RU
155,Najrān,17.49,44.13,86.0,16,18,2.24,SA
156,Airai,-8.93,125.41,53.31,97,1,3.0,TL
157,Betong,5.77,101.07,71.98,93,98,0.83,TH
158,Klaksvík,62.23,-6.59,48.2,87,100,6.93,FO
159,Zhoucheng,35.91,116.31,66.09,91,100,3.49,CN
160,Betioky,-23.72,44.38,73.09,70,100,1.12,MG
161,Jimma,7.67,36.83,58.42,85,2,1.28,ET
162,Chapais,49.78,-74.85,48.2,61,90,14.99,CA
163,Faanui,-16.48,-151.75,78.21,74,0,11.36,PF
164,Mēga,4.05,38.3,64.85,67,0,11.07,ET
165,Olonets,60.98,32.97,51.75,75,0,9.13,RU
166,Sandakan,5.84,118.12,80.6,88,20,6.04,MY
167,Ilulissat,69.22,-51.1,30.2,50,5,5.82,GL
168,Ballina,-28.87,153.57,55.99,93,14,6.29,AU
169,São Filipe,14.9,-24.5,80.15,80,81,6.71,CV
170,Fayaoué,-20.65,166.53,72.19,80,18,20.49,NC
171,San Policarpo,12.18,125.51,80.56,82,88,3.0,PH
172,Makakilo City,21.35,-158.09,78.8,65,1,4.7,US
173,Sinnamary,5.38,-52.95,84.72,69,40,8.34,GF
174,Faya,18.39,42.45,71.6,77,92,4.0,SA
175,Honjō,36.23,139.18,69.01,95,100,3.06,JP
176,Hasaki,35.73,140.83,69.8,94,75,5.82,JP
177,Nome,64.5,-165.41,50.0,93,90,20.8,US
178,Bethel,41.37,-73.41,73.99,49,20,13.87,US
179,Ahipara,-35.17,173.17,56.61,83,33,13.98,NZ
180,Guerrero Negro,27.98,-114.06,92.1,28,0,2.48,MX
181,Makkah al Mukarramah,21.43,39.83,89.08,44,100,2.68,SA
182,Grindavik,63.84,-22.43,48.2,81,20,8.05,IS
183,Murray Bridge,-35.12,139.27,44.01,92,0,1.74,AU
184,Bud,39.45,-86.18,75.99,60,0,8.48,US
185,Gigmoto,13.78,124.39,79.7,87,100,13.56,PH
186,Ouango,4.31,22.56,72.5,92,79,2.59,CF
187,Muhos,64.81,25.99,55.4,71,13,11.41,FI
188,Maní,4.82,-72.29,91.96,51,100,3.33,CO
189,Empório,40.48,21.55,69.8,43,92,1.12,GR
190,Rosarito,32.33,-117.03,80.6,61,5,4.7,MX
191,Bequimão,-2.45,-44.78,91.4,49,40,6.93,BR
192,Hoa Binh,20.81,105.34,78.8,94,20,3.36,VN
193,Bandarbeyla,9.49,50.81,78.82,74,57,22.48,SO
194,Port Hardy,50.7,-127.42,59.0,87,90,9.17,CA
195,Leningradskiy,69.38,178.42,40.03,95,100,9.33,RU
196,Tambacounda,13.75,-13.76,89.6,59,16,4.7,SN
197,Krasnoarmeysk,51.02,45.7,59.0,40,68,5.99,RU
198,Vardø,70.37,31.11,48.2,87,75,25.28,NO
199,Dudinka,69.41,86.18,46.4,100,100,8.95,RU
200,Sisimiut,66.94,-53.67,38.73,68,5,5.26,GL
201,Mandalgovi,45.76,106.27,39.78,76,100,13.62,MN
202,Torbay,47.67,-52.73,66.99,100,90,19.46,CA
203,Japura,-0.32,102.35,73.56,96,100,2.68,ID
204,Puri,19.8,85.85,82.4,94,40,3.36,IN
205,Camacha,33.08,-16.33,75.2,69,20,6.93,PT
206,Esperance,-33.87,121.9,51.8,93,79,12.75,AU
207,Gravdal,68.12,13.5,50.0,87,75,5.82,NO
208,Ati,13.22,18.34,82.58,66,58,9.04,TD
209,Port-Cartier,50.03,-66.87,59.0,50,40,16.11,CA
210,Sfântu Gheorghe,45.87,25.78,66.99,77,0,3.11,RO
211,Latung,5.5,120.88,82.0,74,100,0.56,PH
212,Phuntsholing,26.85,89.39,75.54,77,99,1.74,BT
213,Tomatlán,19.93,-105.25,91.53,55,1,6.15,MX
214,Hargeisa,9.56,44.06,74.03,58,52,16.87,SO
215,Katima Mulilo,-17.5,24.27,75.2,23,0,2.24,NA
216,Zhangzhou,24.51,117.66,78.8,83,75,6.71,CN
217,Los Llanos de Aridane,28.66,-17.92,77.0,73,75,6.93,ES
218,Coyhaique,-45.58,-72.07,50.0,61,75,8.05,CL
219,Riyadh,24.69,46.72,93.2,21,0,1.86,SA
220,Champerico,14.3,-91.92,73.99,83,100,6.55,GT
221,Srednekolymsk,67.45,153.68,38.53,87,0,6.55,RU
222,Reconquista,-29.15,-59.65,63.28,47,100,11.25,AR
223,Rio Grande,-32.03,-52.1,57.99,62,100,7.0,BR
224,Jinji,23.23,110.83,76.03,91,83,2.55,CN
225,Rrogozhinë,41.08,19.67,78.8,57,40,2.24,AL
226,Krasnosel'kup,65.7,82.47,47.71,89,99,7.99,RU
227,Kholm,59.27,32.85,49.84,77,0,7.83,RU
228,Calabozo,8.92,-67.43,88.16,69,70,4.72,VE
229,Chui,-33.7,-53.46,55.98,54,0,11.39,UY
230,Laguna,38.42,-121.42,75.0,60,90,8.05,US
231,Tasiilaq,65.61,-37.64,29.39,98,62,2.26,GL
232,Nabire,-3.37,135.48,74.98,89,100,3.8,ID
233,Cabo San Lucas,22.89,-109.91,87.8,74,40,4.7,MX
234,Guiratinga,-16.35,-53.76,100.62,10,0,3.67,BR
235,Nhulunbuy,-12.23,136.77,73.4,88,40,5.82,AU
236,Arinos,-15.92,-46.11,91.08,24,0,7.96,BR
237,Pimentel,-6.84,-79.93,69.8,64,20,12.75,PE
238,Royan,45.63,-1.03,86.0,35,32,4.7,FR
239,Batagay-Alyta,67.8,130.41,40.6,90,100,6.6,RU
240,Iralaya,15.0,-83.23,80.6,88,75,7.25,HN
241,Ostrovnoy,68.05,39.51,47.64,91,99,3.89,RU
242,College,64.86,-147.8,48.0,75,90,3.36,US
243,Linxia Chengguanzhen,35.6,103.21,50.43,64,75,1.88,CN
244,Zaranj,30.97,61.88,78.8,16,0,26.4,AF
245,Bosaso,11.28,49.18,91.58,52,0,2.46,SO
246,Vermilion,40.17,-87.75,73.4,56,1,8.05,US
247,Hirara,24.8,125.28,82.87,71,95,7.54,JP
248,Touros,-5.2,-35.46,80.6,69,75,16.11,BR
249,Praia,14.92,-23.51,80.73,78,91,6.24,CV
250,Cap Malheureux,-19.98,57.61,68.0,53,0,10.0,MU
251,Buin,-33.73,-70.75,80.6,12,0,2.24,CL
252,Marquette,46.53,-87.63,59.0,70,0,5.01,US
253,Longyearbyen,78.22,15.64,35.6,95,75,6.93,SJ
254,Distrikt Brokopondo,4.75,-55.17,89.58,48,100,1.23,SR
255,Kavaratti,10.57,72.64,81.79,80,100,20.33,IN
256,Kutum,14.2,24.67,80.02,55,59,5.03,SD
257,Poum,-20.23,164.02,72.16,78,1,13.91,NC
258,Half Moon Bay,37.46,-122.43,66.99,77,1,10.29,US
259,Tari,12.41,4.49,84.11,62,87,4.18,NG
260,Aguas Verdes,-3.48,-80.25,80.6,65,75,11.05,PE
261,Coquimbo,-29.95,-71.34,57.2,76,75,14.99,CL
262,San Fernando,15.03,120.69,80.6,83,75,4.7,PH
263,Buchanan,5.88,-10.05,78.8,94,75,8.05,LR
264,Nikolskoye,59.7,30.79,55.99,81,0,11.18,RU
265,Teguise,29.06,-13.56,78.8,61,0,19.46,ES
266,Itakyry,-24.93,-55.22,79.57,54,100,7.72,PY
267,Uglovoye,44.82,33.6,72.75,52,0,4.92,UA
268,Rundu,-17.93,19.77,70.16,21,0,3.98,NA
269,Kargasok,59.06,80.86,48.33,93,10,7.0,RU
270,Fortuna,40.6,-124.16,62.01,87,40,4.7,US
271,Sakakah,29.97,40.21,96.8,9,85,3.36,SA
272,Kabo,7.7,18.63,70.61,93,100,5.37,CF
273,Bismarck,46.81,-100.78,68.0,56,1,11.41,US
274,Zaozyornoye,45.16,33.28,75.38,59,0,10.22,UA
275,Hinton,53.4,-117.59,49.17,75,100,2.93,CA
276,Vikulovo,56.82,70.61,51.15,79,73,2.57,RU
277,Turaif,31.67,38.66,93.2,20,1,6.93,SA
278,Quatre Cocos,-20.21,57.76,68.0,52,40,16.11,MU
279,Lompoc,34.64,-120.46,62.6,77,40,6.93,US
280,Vestmanna,62.16,-7.17,48.2,87,100,6.93,FO
281,Makat,47.65,53.35,67.55,43,63,12.97,KZ
282,Kitob,39.08,66.83,65.3,27,0,1.43,UZ
283,Lima,-12.04,-77.03,64.4,77,90,8.05,PE
284,Ancud,-41.87,-73.82,54.0,97,100,15.01,CL
285,Nioro,13.35,-15.75,84.52,72,9,2.37,GM
286,Lebu,-37.62,-73.65,52.95,67,0,24.96,CL
287,Caldas Novas,-17.74,-48.62,94.8,15,0,3.15,BR
288,Hualmay,-11.1,-77.61,66.09,69,24,10.11,PE
289,Abaza,52.66,90.09,39.94,87,4,2.53,RU
290,Warman,52.32,-106.57,55.4,54,90,6.93,CA
291,Malumfashi,11.79,7.62,74.71,79,51,6.96,NG
292,Shulan,44.42,126.95,52.47,92,8,2.77,CN
293,Portland,45.52,-122.68,62.6,82,90,2.46,US
294,Keta,5.92,0.99,77.36,86,32,13.69,GH
295,Shingū,33.73,135.98,66.61,74,0,4.9,JP
296,Houma,29.6,-90.72,86.0,70,90,16.11,US
297,Sungai Raya,0.7,108.9,77.18,86,100,5.19,ID
298,Yeppoon,-23.13,150.73,62.6,93,35,5.82,AU
299,Tautira,-17.73,-149.15,80.6,69,20,8.05,PF
300,Ulladulla,-35.35,150.47,55.0,100,90,3.85,AU
301,Toyooka,35.53,134.83,62.76,86,84,1.14,JP
302,Provideniya,64.38,-173.3,45.27,94,99,6.33,RU
303,Gezing,47.92,13.13,69.01,82,39,5.82,AT
304,Aswān,24.09,32.91,93.42,13,0,12.59,EG
305,Mahibadhoo,3.78,72.97,82.4,75,59,7.94,MV
306,Sumenep,-7.02,113.87,78.22,76,0,9.01,ID
307,Port Lincoln,-34.73,135.87,51.98,86,99,7.74,AU
308,Hay River,60.82,-115.8,46.4,49,20,10.29,CA
309,Puerto Colombia,10.99,-74.95,91.4,70,40,5.82,CO
310,Paka,4.64,103.44,75.2,94,99,8.86,MY
311,Tel Aviv-Yafo,32.08,34.78,82.99,69,0,8.05,IL
312,Codrington,-38.27,141.97,45.27,93,100,6.51,AU
313,Sabang,5.89,95.32,82.85,76,0,15.88,ID
314,Ponta Delgada,37.73,-25.67,69.8,60,20,16.11,PT
315,Muisne,0.6,-80.03,82.4,83,75,8.05,EC
316,Sioux Lookout,50.1,-91.92,55.4,54,90,5.82,CA
317,Laas,46.62,10.7,64.4,77,5,3.36,IT
318,Merauke,-8.47,140.33,74.77,83,90,12.97,ID
319,Noyabrsk,63.2,75.45,48.38,91,82,11.05,RU
320,Boende,-0.22,20.87,72.88,95,100,1.32,CD
321,Tondano,1.3,124.91,80.6,69,20,6.93,ID
322,Pangody,65.85,74.49,47.75,74,100,14.92,RU
323,Bambous Virieux,-20.34,57.76,68.0,52,40,16.11,MU
324,Nakhon Phanom,17.41,104.78,76.78,89,1,2.19,TH
325,Margate,51.38,1.39,68.0,65,0,9.57,GB
326,Clyde River,70.47,-68.59,41.0,80,75,11.41,CA
327,Mount Gambier,-37.83,140.77,46.4,93,90,5.82,AU
328,Barcelos,41.54,-8.62,70.0,77,6,3.36,PT
329,Coahuayana Viejo,18.73,-103.68,80.6,74,40,6.02,MX
330,Waipawa,-41.41,175.52,57.2,76,0,26.4,NZ
331,Coxim,-18.51,-54.76,105.44,9,0,6.98,BR
332,Varhaug,58.61,5.65,57.0,99,4,3.98,NO
333,Saint Anthony,45.02,-93.22,73.99,64,1,12.75,US
334,Dabakala,8.37,-4.43,75.27,90,9,2.51,CI
335,Uray,60.12,64.78,52.61,77,100,10.56,RU
336,Huilong,31.81,121.66,73.99,94,100,3.71,CN
337,Tambo,-14.8,-73.92,51.93,45,81,9.8,PE
338,Yaan,7.38,8.57,75.34,93,100,4.88,NG
339,Litovko,49.24,135.17,55.27,92,100,2.73,RU
340,Valparaíso,-33.04,-71.63,60.8,55,0,12.75,CL
341,Narsaq,60.92,-46.05,44.6,36,75,3.36,GL
342,San Quintín,30.48,-115.95,81.88,47,0,11.7,MX
343,Lavrentiya,65.58,-171.0,43.47,96,100,9.48,RU
344,La Ronge,55.1,-105.28,50.0,87,90,4.7,CA
345,Wanlaweyn,2.62,44.89,78.73,76,57,19.15,SO
346,Biltine,14.53,20.92,85.48,57,0,6.55,TD
347,Dalbandin,28.89,64.41,77.07,17,0,2.62,PK
348,Borzya,50.38,116.52,45.12,66,51,8.34,RU
349,Tilichiki,60.47,166.1,37.92,95,41,8.66,RU
350,Almaznyy,48.04,40.05,68.0,37,0,6.71,RU
351,Morondava,-20.28,44.28,75.78,88,0,11.39,MG
352,Oussouye,12.48,-16.55,89.6,79,40,4.7,SN
353,Morón,-34.65,-58.62,64.4,32,0,4.7,AR
354,Sola,-13.88,167.55,80.6,78,40,11.41,VU
355,Salé,34.04,-6.82,73.4,78,40,8.05,MA
356,Tuatapere,-46.13,167.68,42.01,88,36,10.0,NZ
357,Muros,42.78,-9.06,69.01,80,6,3.0,ES
358,Tessalit,20.2,1.01,101.25,11,81,1.3,ML
359,New Plymouth,-39.07,174.08,52.0,91,24,11.01,NZ
360,Mabaruma,8.2,-59.78,89.55,52,15,7.58,GY
361,Namtsy,62.72,129.67,44.6,75,0,8.95,RU
362,Stabat,3.76,98.45,74.77,96,100,1.97,ID
363,Sunland Park,31.8,-106.58,79.0,39,1,6.93,US
364,Pedernales,18.04,-71.74,87.8,74,75,13.87,DO
365,Trat,12.5,102.5,76.3,92,100,1.52,TH
366,Mirskoy,45.54,40.4,70.61,23,0,5.35,RU
367,Soverato Marina,38.69,16.55,75.2,69,3,4.7,IT
368,Kilosa,-6.83,36.98,76.33,47,39,1.45,TZ
369,Bhigvan,18.32,74.77,73.98,90,100,11.99,IN
370,Baoro,5.67,15.97,66.88,96,100,5.93,CF
371,Batamshinskiy,50.56,58.27,59.0,47,100,6.71,KZ
372,Kyabram,-36.32,145.05,46.0,85,0,1.99,AU
373,Howard Springs,-12.5,131.05,73.4,78,16,3.11,AU
374,Eresós,39.17,25.93,78.8,74,0,3.36,GR
375,Oran,35.69,-0.64,78.8,65,40,10.29,DZ
376,Komsomolets,53.75,62.07,57.27,44,100,10.54,KZ
377,Bilma,18.69,12.92,98.37,11,84,10.18,NE
378,‘Āhuimanu,21.44,-157.84,80.6,61,20,6.93,US
379,Usogorsk,63.41,48.69,48.04,90,100,10.87,RU
380,Old Town,44.93,-68.65,69.8,35,40,16.11,US
381,Inuvik,68.35,-133.72,41.0,80,90,14.99,CA
382,Gniezno,52.53,17.58,64.99,72,3,1.01,PL
383,Tulum,20.22,-87.47,89.6,66,75,9.17,MX
384,Umm Kaddadah,13.6,26.69,90.57,37,91,8.1,SD
385,Diffa,13.32,12.61,88.9,43,100,9.55,NE
386,Aykhal,66.0,111.5,42.8,77,0,2.24,RU
387,Dulovo,43.82,27.15,77.0,30,0,4.0,BG
388,Fairbanks,64.84,-147.72,48.0,86,90,1.59,US
389,Izvestkovyy,48.98,131.55,55.49,96,100,1.88,RU
390,Durango,24.83,-104.83,67.33,72,89,7.81,MX
391,Ludvika,60.15,15.19,60.01,93,31,3.36,SE
392,Anito,12.45,125.29,79.38,85,100,6.53,PH
393,Fuling,29.7,107.39,66.24,91,88,1.36,CN
394,Shache,38.42,77.24,67.51,32,100,5.73,CN
395,Darhan,49.49,105.92,42.12,90,100,5.19,MN
396,Khorixas,-20.37,14.97,60.55,34,1,9.06,NA
397,Gari,59.43,62.35,51.21,90,100,7.81,RU
398,Hurghada,27.26,33.81,91.4,36,0,14.99,EG
399,Siniscola,40.57,9.69,75.2,73,0,2.24,IT
400,Ubari,26.59,12.78,85.3,27,0,8.32,LY
401,Nkhata Bay,-11.61,34.29,75.61,60,4,1.99,MW
402,Launceston,-41.45,147.17,46.99,81,69,18.34,AU
403,Kumluca,36.37,30.29,82.11,64,0,2.55,TR
404,Vágur,61.47,-6.81,49.66,89,27,10.56,FO
405,Tucuruí,-3.77,-49.67,96.91,29,100,5.1,BR
406,Eyl,7.98,49.82,78.21,79,0,20.76,SO
407,Rock Sound,24.9,-76.2,83.52,68,100,5.64,BS
408,Gobabis,-22.45,18.97,65.77,24,0,10.78,NA
409,Broome,42.25,-75.83,66.0,51,40,16.11,US
410,Ciudad Gustavo Díaz Ordaz,26.23,-98.58,86.0,76,89,4.0,MX
411,Awjilah,29.11,21.29,91.26,24,32,11.39,LY
412,Bakchar,57.02,82.07,46.26,95,2,3.04,RU
413,Kīhei,20.79,-156.47,81.0,57,40,6.93,US
414,Samfya,-11.36,29.56,73.04,41,9,4.94,ZM
415,Abaeté,-19.16,-45.45,89.19,21,0,3.22,BR
416,Upington,-28.45,21.26,51.8,23,0,3.36,ZA
417,Newport,51.59,-3.0,73.0,63,0,3.69,GB
418,Lyubashivka,47.84,30.26,64.33,52,0,7.65,UA
419,Tura,25.52,90.22,72.57,96,100,3.89,IN
420,Salina Cruz,16.17,-95.2,90.82,53,58,9.24,MX
421,La Asuncion,11.03,-63.86,86.56,65,0,14.9,VE
422,Korla,41.76,86.15,71.01,66,63,1.99,CN
423,Ratnagiri,16.98,73.3,78.22,85,100,1.14,IN
424,Opuwo,-18.06,13.84,65.1,28,0,7.56,NA
425,Oliveira dos Brejinhos,-12.32,-42.9,90.23,23,38,8.66,BR
426,Kloulklubed,7.04,134.26,80.6,83,75,8.05,PW
427,Tall Kayf,37.08,41.07,86.0,19,40,16.11,TR
428,Sibu,2.3,111.82,73.4,100,40,1.7,MY
429,Chimoré,-16.98,-65.13,89.56,41,73,5.12,BO
430,Aripuanã,-9.17,-60.63,106.27,13,0,5.23,BR
431,Lorengau,-2.02,147.27,82.51,76,90,10.36,PG
432,Sur,22.57,59.53,80.56,69,100,9.78,OM
433,Olafsvik,64.89,-23.71,48.13,72,0,3.06,IS
434,Bahía Blanca,-38.72,-62.27,64.29,29,0,16.73,AR
435,Kaeo,-35.1,173.78,52.0,3,54,1.01,NZ
436,Sørland,67.67,12.69,50.0,87,75,8.05,NO
437,Waingapu,-9.66,120.26,72.77,82,0,6.51,ID
438,Sitka,57.05,-135.33,55.4,62,1,4.09,US
439,Ugoofaaru,5.67,73.0,81.93,77,99,8.99,MV
440,Cutlerville,42.84,-85.66,66.99,51,40,8.05,US
441,Białystok,53.13,23.15,64.0,72,0,3.49,PL
442,Kamina,-8.74,24.99,77.49,37,54,2.26,CD
443,Magadan,59.57,150.8,46.44,61,3,6.67,RU
444,Iseyin,7.97,3.6,74.12,92,93,6.46,NG
445,Sosnovo-Ozerskoye,52.52,111.54,37.0,89,13,5.1,RU
446,Butajīra,8.12,38.37,58.6,74,0,2.15,ET
447,Mata,40.68,-7.46,72.0,61,98,5.99,PT
448,Mokolo,10.74,13.8,70.48,90,81,3.06,CM
449,Wasilla,61.58,-149.44,54.0,76,40,1.19,US
450,Campoverde,-8.48,-74.81,82.4,78,75,4.7,PE
451,Kaoma,-14.78,24.8,70.45,32,7,1.54,ZM
452,Namatanai,-3.67,152.43,79.29,81,92,7.65,PG
453,Orël-Izumrud,43.46,39.92,77.0,83,40,2.84,RU
454,Tantoyuca,21.35,-98.23,81.1,85,100,10.31,MX
455,Constitución,-35.33,-72.42,62.26,49,0,13.82,CL
456,Oktyabr'skiy,54.48,53.47,45.95,91,0,7.67,RU
457,Kulhudhuffushi,6.62,73.07,81.81,79,100,11.7,MV
458,Dohad,22.83,74.27,75.76,91,100,10.47,IN
459,Huitziltepec,17.82,-99.47,82.99,55,7,4.0,MX
460,Kiunga,-6.12,141.29,69.62,98,94,1.79,PG
461,Coracora,-15.03,-73.78,64.72,31,74,10.29,PE
462,Abu Kamal,34.45,40.92,88.88,23,0,10.13,SY
463,Sarangani,5.4,125.46,80.26,85,100,14.38,PH
464,Knarvik,60.54,5.29,57.0,99,100,3.0,NO
465,Kirakira,-10.45,161.92,79.39,83,100,16.42,SB
466,Antofagasta,-23.65,-70.4,60.8,67,40,13.87,CL
467,Aksarayskiy,46.79,48.01,68.0,37,0,4.47,RU
468,Zhezkazgan,47.8,67.71,62.6,44,0,8.32,KZ
469,Ust'-Kulom,61.69,53.69,47.89,95,100,6.82,RU
470,Villa María,-32.41,-63.24,68.0,18,0,1.99,AR
471,Jalu,29.03,21.55,91.42,25,0,13.94,LY
472,Lakatoro,-16.1,167.42,77.0,83,75,2.24,VU
473,Burns Lake,54.23,-125.75,54.95,49,99,4.27,CA
474,Gloucester,51.87,-2.24,75.2,50,0,2.24,GB
475,Sarankhola,22.31,89.79,79.97,92,100,3.22,BD
476,Kieta,-6.22,155.63,78.17,77,100,4.54,PG
477,Cukai,4.25,103.42,75.2,94,100,8.32,MY
478,Tigil',57.8,158.67,37.8,91,4,4.81,RU
479,Médéa,36.26,2.75,75.2,83,20,17.22,DZ
480,Novikovo,51.15,37.89,58.62,69,43,9.22,RU
481,Québec,46.81,-71.21,59.0,58,75,9.17,CA
482,Kudahuvadhoo,2.67,72.89,82.69,75,3,7.49,MV
483,Caravelas,-17.71,-39.25,77.63,63,0,8.52,BR
484,Mana,5.66,-53.78,85.5,63,10,9.37,GF
485,Luanda,-8.84,13.23,71.6,88,75,2.24,AO
486,Velizh,55.61,31.2,54.18,97,4,5.84,RU
487,Dhidhdhoo,6.88,73.1,81.88,79,97,12.84,MV
488,Walvis Bay,-22.96,14.51,57.2,62,0,10.29,NA
489,Karratha,-20.74,116.85,75.22,44,0,8.7,AU
490,Lingao,19.91,109.69,80.13,82,100,6.04,CN
491,Shihezi,44.3,86.03,62.17,28,0,4.12,CN
492,Tra Vinh,9.93,106.35,75.58,90,100,2.48,VN
493,Yangi Marg`ilon,40.43,71.72,69.8,52,0,4.7,UZ
494,Vuktyl,63.86,57.31,47.12,89,100,9.01,RU
495,Aysha,55.87,48.63,50.0,81,91,11.18,RU
496,Lázaro Cárdenas,17.96,-102.2,87.82,64,3,4.52,MX
497,Novotroitskaya,45.33,41.53,71.6,35,0,6.71,RU
498,Richards Bay,-28.78,32.04,67.05,73,98,9.13,ZA
499,Narutochō-mitsuishi,34.18,134.62,68.0,88,20,6.93,JP
500,Brae,60.4,-1.35,55.4,100,90,13.87,GB
501,Talnakh,69.49,88.4,46.4,100,100,8.95,RU
502,Boguchany,58.38,97.45,45.32,90,14,2.53,RU
503,Bouna,9.27,-3.0,76.59,78,1,0.63,CI
504,Phonhong,18.5,102.42,76.59,91,95,1.86,LA
505,Beruwala,6.48,79.98,79.0,87,100,8.57,LK
506,Yaguarón,-25.6,-57.3,66.2,77,90,13.87,PY
507,Mbanza-Ngungu,-5.25,14.87,78.82,55,10,5.06,CD
508,Te Anau,-45.42,167.72,39.7,87,99,5.61,NZ
509,Valente,-11.41,-39.46,83.93,41,100,13.65,BR
510,Pinotepa Nacional,16.32,-98.02,87.48,61,90,6.06,MX
511,Sarāhan,31.52,77.8,59.13,72,1,1.66,IN
512,Elesbão Veloso,-6.2,-42.14,97.14,18,100,8.86,BR
513,Avera,33.19,-82.53,89.6,55,75,4.7,US
514,Nouadhibou,20.93,-17.03,86.0,55,0,19.46,MR
515,Marsá Maţrūḩ,31.35,27.25,78.8,65,5,6.93,EG
516,Svetlaya,46.54,138.33,55.0,66,99,6.02,RU
517,Berezovyy,51.67,135.7,57.42,87,100,2.62,RU
518,Alofi,-19.06,-169.92,71.6,78,75,8.05,NU
519,Bubaque,11.28,-15.83,82.13,83,100,6.44,GW
520,Lom Sak,16.78,101.24,75.88,88,92,1.59,TH
521,Karachi,24.91,67.08,84.2,70,75,6.93,PK
522,Ahaus,52.07,7.0,75.0,59,100,1.01,DE
523,Northam,51.03,-4.22,70.0,64,60,1.99,GB
524,Ordzhonīkīdze,52.44,61.74,60.12,40,100,13.82,KZ
525,Artyom,40.47,50.33,69.8,83,40,2.24,AZ
526,Haines Junction,60.75,-137.51,48.79,49,56,1.21,CA
527,Salinópolis,-0.61,-47.36,83.55,71,98,15.35,BR
528,Turan,16.07,108.22,82.4,83,20,5.14,VN
529,Moindou,-21.69,165.68,62.6,82,0,1.12,NC
530,Ust-Tsilma,65.44,52.15,45.37,96,100,4.09,RU
531,Druskininkai,54.02,23.97,59.41,91,47,4.34,LT
532,Kenai,60.55,-151.26,55.99,87,1,2.19,US
533,Tokat,40.42,36.58,53.2,100,15,5.37,TR
534,Shizunai-furukawachō,42.33,142.37,59.63,80,66,12.95,JP
535,Smiths Falls,44.9,-76.02,57.99,57,55,10.6,CA
536,Fillmore,43.67,-92.1,73.99,64,1,12.75,US
537,Zharkent,44.16,80.0,60.93,37,0,3.58,KZ
538,Samarai,-10.62,150.67,78.53,84,100,11.88,PG
539,Hobyo,5.35,48.53,78.22,85,0,28.7,SO
540,Meadow Lake,34.8,-106.54,77.0,25,1,8.05,US
541,Huarmey,-10.07,-78.15,67.68,66,7,10.76,PE
542,Mikuni,36.22,136.15,64.4,93,20,4.7,JP
543,Turner,44.26,-70.26,66.0,43,0,8.01,US
544,Ust-Kuyga,70.02,135.6,43.11,72,100,6.67,RU
545,Sanmenxia,34.77,111.18,69.58,68,98,4.63,CN
546,Rawson,-43.3,-65.1,68.14,27,1,20.69,AR
547,Varna,43.22,27.92,73.4,43,0,6.93,BG
548,Ha Giang,22.83,104.98,75.94,85,100,0.56,VN
549,Chara,56.91,118.26,52.12,85,100,3.15,RU
